128.9925
141.75
141.75
141.75
141.75
141.75
141.75
141.75
141.75
134.2575
134.2575
139.725
139.725
128.79
134.2575
139.725
139.725
139.725
139.725
139.725
132.53625
140.7375
140.7375
140.7375
140.7375
138.00375
140.7375
140.7375
140.7375
140.7375
140.7375
140.7375
140.7375
140.7375
140.7375
140.7375
126.1575
133.4475
140.7375
140.7375
140.7375
140.7375
140.7375
140.7375
140.7375
140.7375
140.7375
117.65249999999999
117.65249999999999
128.58749999999998
129.49875
132.2325
137.7
137.7
137.7
137.7
137.7
137.7
137.7
137.7
120.69
126.1575
131.625
131.625
131.625
131.625
131.625
131.625
131.625
131.625
131.625
124.43625
127.17
132.6375
132.6375
132.6375
132.6375
132.6375
132.6375
132.6375
132.6375
132.6375
132.6375
132.6375
132.6375
132.6375
125.14500000000001
125.14500000000001
130.6125
130.6125
130.6125
130.6125
130.6125
125.3475
125.3475
132.6375
132.6375
132.6375
132.6375
132.6375
132.6375
132.6375
132.6375
132.6375
132.6375
132.6375
132.6375
132.6375
132.6375
132.6375
132.6375
132.6375
121.39874999999999
124.1325
129.6
129.6
129.6
129.6
129.6
129.6
129.6
129.6
129.6
129.6
129.6
129.6
115.2225
120.69
131.625
131.625
131.625
131.625
131.625
131.625
131.625
131.625
131.625
131.625
131.625
131.625
131.625
131.625
131.625
131.625
131.625
131.625
131.625
131.625
131.625
131.625
131.625
131.625
131.625
131.625
131.625
131.625
131.625
131.625
131.625
131.625
131.625
64.8
0.0
0.0
0.0
0.0
0.0
0.0
0.0
0.0
0.0
0.0
0.0
0.0
0.0
0.0
0.0
0.0
0.0
0.0
0.0
0.0
0.0
0.0
0.0
0.0
0.0
0.0
0.0
0.0
0.0
0.0
0.0
0.0
0.0
0.0
0.0
0.0
0.0
0.0
0.0
0.0
0.0
0.0
0.0
0.0
0.0
0.0
0.0
0.0
0.0
0.0
0.0
0.0
0.0
0.0
0.0
0.0
0.0
0.0
0.0
0.0
0.0
0.0
0.0
0.0
0.0
0.0
0.0
0.0
0.0
0.0
0.0
0.0
0.0
0.0
0.0
0.0
0.0
0.0
0.0
0.0
0.0
0.0
0.0
0.0
0.0
0.0
0.0
0.0
0.0
0.0
0.0
0.0
0.0
0.0
0.0
0.0
0.0
0.0
0.0
0.0
0.0
0.0
0.0
0.0
0.0
0.0
0.0
0.0
0.0
0.0
0.0
0.0
0.0
0.0
0.0
0.0
0.0
0.0
0.0
0.0
0.0
0.0
0.0
0.0
0.0
0.0
0.0
0.0
0.0
0.0
0.0
0.0
0.0
0.0

