66.04166666666667
79.16666666666667
79.16666666666667
79.16666666666667
79.16666666666667
79.16666666666667
79.16666666666667
79.16666666666667
79.16666666666667
71.45833333333333
71.45833333333333
77.08333333333333
77.08333333333333
65.83333333333333
71.45833333333333
77.08333333333333
77.08333333333333
77.08333333333333
77.08333333333333
77.08333333333333
69.6875
78.125
78.125
78.125
78.125
75.3125
78.125
78.125
78.125
78.125
78.125
78.125
78.125
78.125
78.125
78.125
63.125
70.625
78.125
78.125
78.125
78.125
78.125
78.125
78.125
78.125
78.125
54.375
54.375
65.625
66.5625
69.375
75.0
75.0
75.0
75.0
75.0
75.0
75.0
75.0
57.5
63.125
68.75
68.75
68.75
68.75
68.75
68.75
68.75
68.75
68.75
61.354166666666664
64.16666666666667
69.79166666666667
69.79166666666667
69.79166666666667
69.79166666666667
69.79166666666667
69.79166666666667
69.79166666666667
69.79166666666667
69.79166666666667
69.79166666666667
69.79166666666667
69.79166666666667
69.79166666666667
62.083333333333336
62.083333333333336
67.70833333333333
67.70833333333333
67.70833333333333
67.70833333333333
67.70833333333333
62.291666666666664
62.291666666666664
69.79166666666667
69.79166666666667
69.79166666666667
69.79166666666667
69.79166666666667
69.79166666666667
69.79166666666667
69.79166666666667
69.79166666666667
69.79166666666667
69.79166666666667
69.79166666666667
69.79166666666667
69.79166666666667
69.79166666666667
69.79166666666667
69.79166666666667
58.229166666666664
61.041666666666664
66.66666666666667
66.66666666666667
66.66666666666667
66.66666666666667
66.66666666666667
66.66666666666667
66.66666666666667
66.66666666666667
66.66666666666667
66.66666666666667
66.66666666666667
66.66666666666667
51.875
57.5
68.75
68.75
68.75
68.75
68.75
68.75
68.75
68.75
68.75
68.75
68.75
68.75
68.75
68.75
68.75
68.75
68.75
68.75
68.75
68.75
68.75
68.75
68.75
68.75
68.75
68.75
68.75
68.75
68.75
68.75
68.75
68.75
68.75
25.0
0.0
0.0
0.0
0.0
0.0
0.0
0.0
0.0
0.0
0.0
0.0
0.0
0.0
0.0
0.0
0.0
0.0
0.0
0.0
0.0
0.0
0.0
0.0
0.0
0.0
0.0
0.0
0.0
0.0
0.0
0.0
0.0
0.0
0.0
0.0
0.0
0.0
0.0
0.0
0.0
0.0
0.0
0.0
0.0
0.0
0.0
0.0
0.0
0.0
0.0
0.0
0.0
0.0
0.0
0.0
0.0
0.0
0.0
0.0
0.0
0.0
0.0
0.0
0.0
0.0
0.0
0.0
0.0
0.0
0.0
0.0
0.0
0.0
0.0
0.0
0.0
0.0
0.0
0.0
0.0
0.0
0.0
0.0
0.0
0.0
0.0
0.0
0.0
0.0
0.0
0.0
0.0
0.0
0.0
0.0
0.0
0.0
0.0
0.0
0.0
0.0
0.0
0.0
0.0
0.0
0.0
0.0
0.0
0.0
0.0
0.0
0.0
0.0
0.0
0.0
0.0
0.0
0.0
0.0
0.0
0.0
0.0
0.0
0.0
0.0
0.0
0.0
0.0
0.0
0.0
0.0
0.0
0.0
0.0

