66.04166666666667
79.16666666666667
79.16666666666667
79.16666666666667
79.16666666666667
79.16666666666667
79.16666666666667
79.16666666666667
79.16666666666667
71.45833333333333
71.45833333333333
77.08333333333333
77.08333333333333
60.0
75.0
75.0
75.0
75.0
75.0
75.0
70.83333333333333
70.83333333333333
70.83333333333333
70.83333333333333
70.83333333333333
62.5
66.25
71.875
71.875
71.875
71.875
71.875
71.875
71.875
71.875
71.875
64.89583333333333
71.45833333333333
77.08333333333333
77.08333333333333
77.08333333333333
77.08333333333333
77.08333333333333
77.08333333333333
77.08333333333333
77.08333333333333
77.08333333333333
59.375
63.125
68.75
69.6875
72.5
78.125
78.125
78.125
78.125
78.125
78.125
78.125
78.125
54.270833333333336
57.083333333333336
64.58333333333333
64.58333333333333
64.58333333333333
64.58333333333333
64.58333333333333
64.58333333333333
64.58333333333333
64.58333333333333
64.58333333333333
43.75
20.833333333333332
0.0
0.0
0.0
0.0
0.0
0.0
0.0
0.0
0.0
0.0
0.0
0.0
0.0
0.0
0.0
0.0
0.0
0.0
0.0
0.0
0.0
0.0
0.0
0.0
0.0
0.0
0.0
0.0
0.0
0.0
0.0
0.0
0.0
0.0
0.0
0.0
0.0
0.0
0.0
0.0
0.0
0.0
0.0
0.0
0.0
0.0
0.0
0.0
0.0
0.0
0.0
0.0
0.0
0.0
0.0
0.0
0.0
0.0
0.0
0.0
0.0
0.0
0.0
0.0
0.0
0.0
0.0
0.0
0.0
0.0
0.0
0.0
0.0
0.0
0.0
0.0
0.0
0.0
0.0
0.0
0.0
0.0
0.0
0.0
0.0
0.0
0.0
0.0
0.0
0.0
0.0
0.0
0.0
0.0
0.0
0.0
0.0
0.0
0.0
0.0
0.0
0.0
0.0
0.0
0.0
0.0
0.0
0.0
0.0
0.0
0.0
0.0
0.0
0.0
0.0
0.0
0.0
0.0
0.0
0.0
0.0
0.0
0.0
0.0
0.0
0.0
0.0
0.0
0.0
0.0
0.0
0.0
0.0
0.0
0.0
0.0
0.0
0.0
0.0
0.0
0.0
0.0
0.0
0.0
0.0
0.0
0.0
0.0
0.0
0.0
0.0
0.0
0.0
0.0
0.0
0.0
0.0
0.0
0.0
0.0
0.0
0.0
0.0
0.0
0.0
0.0
0.0
0.0
0.0
0.0
0.0
0.0
0.0
0.0
0.0
0.0
0.0
0.0
0.0
0.0
0.0
0.0
0.0
0.0
0.0
0.0
0.0
0.0
0.0
0.0
0.0
0.0
0.0
0.0
0.0
0.0
0.0
0.0
0.0
0.0
0.0
0.0
0.0
0.0
0.0
0.0
0.0
0.0
0.0
0.0
0.0
0.0
0.0
0.0
0.0
0.0
0.0
0.0
0.0
0.0
0.0
0.0
0.0

