131.72625
134.45999999999998
141.75
141.75
141.75
141.75
141.75
141.75
141.75
141.75
141.75
141.75
141.75
125.14500000000001
134.2575
139.725
139.725
139.725
139.725
139.725
136.07999999999998
139.725
139.725
139.725
139.725
136.99124999999998
139.725
139.725
139.725
139.725
139.725
139.725
139.725
139.725
139.725
139.725
118.0575
136.2825
141.75
141.75
141.75
141.75
141.75
141.75
141.75
133.64999999999998
133.64999999999998
116.4375
120.0825
125.54999999999998
126.46125
129.195
134.6625
134.6625
134.6625
134.6625
134.6625
134.6625
134.6625
134.6625
129.90375
136.2825
141.75
141.75
141.75
141.75
141.75
141.75
141.75
141.75
141.75
122.30999999999999
122.30999999999999
129.6
129.6
129.6
129.6
129.6
129.6
129.6
129.6
129.6
129.6
129.6
129.6
129.6
126.1575
126.1575
131.625
131.625
131.625
131.625
131.625
123.42374999999998
126.1575
131.625
131.625
131.625
131.625
131.625
131.625
131.625
131.625
131.625
131.625
131.625
131.625
131.625
131.625
131.625
131.625
131.625
126.46125
129.195
134.6625
134.6625
134.6625
134.6625
134.6625
134.6625
134.6625
134.6625
134.6625
134.6625
134.6625
134.6625
128.08125
130.815
141.75
141.75
141.75
141.75
141.75
141.75
141.75
141.75
141.75
141.75
141.75
141.75
141.75
141.75
141.75
141.75
141.75
141.75
141.75
141.75
141.75
141.75
141.75
141.75
141.75
141.75
141.75
141.75
141.75
141.75
141.75
141.75
141.75
64.8
96.1875
96.1875
96.1875
96.1875
96.1875
96.1875
96.1875
96.1875
96.1875
96.1875
96.1875
96.1875
96.1875
96.1875
96.1875
96.1875
96.1875
96.1875
96.1875
96.1875
96.1875
96.1875
96.1875
96.1875
96.1875
96.1875
96.1875
96.1875
96.1875
96.1875
96.1875
96.1875
96.1875
96.1875
96.1875
96.1875
96.1875
96.1875
96.1875
96.1875
96.1875
96.1875
96.1875
96.1875
96.1875
96.1875
96.1875
96.1875
96.1875
96.1875
96.1875
96.1875
96.1875
96.1875
96.1875
96.1875
96.1875
96.1875
96.1875
96.1875
96.1875
96.1875
96.1875
96.1875
96.1875
96.1875
96.1875
64.8
64.8
64.8
64.8
64.8
64.8
64.8
64.8
64.8
64.8
64.8
64.8
64.8
64.8
64.8
64.8
64.8
64.8
64.8
64.8
64.8
64.8
64.8
64.8
64.8
64.8
64.8
64.8
64.8
64.8
64.8
64.8
64.8
64.8
64.8
64.8
64.8
64.8
64.8
64.8
64.8
64.8
64.8
64.8
64.8
64.8
64.8
64.8
64.8
64.8
64.8
64.8
64.8
64.8
64.8
64.8
64.8
64.8
64.8
64.8
64.8
64.8
64.8
64.8
64.8
64.8
0.0

