68.85416666666667
71.66666666666667
79.16666666666667
79.16666666666667
79.16666666666667
79.16666666666667
79.16666666666667
79.16666666666667
79.16666666666667
79.16666666666667
79.16666666666667
79.16666666666667
79.16666666666667
62.083333333333336
71.45833333333333
77.08333333333333
77.08333333333333
77.08333333333333
77.08333333333333
77.08333333333333
73.33333333333333
77.08333333333333
77.08333333333333
77.08333333333333
77.08333333333333
74.27083333333333
77.08333333333333
77.08333333333333
77.08333333333333
77.08333333333333
77.08333333333333
77.08333333333333
77.08333333333333
77.08333333333333
77.08333333333333
77.08333333333333
54.791666666666664
73.54166666666667
79.16666666666667
79.16666666666667
79.16666666666667
79.16666666666667
79.16666666666667
79.16666666666667
79.16666666666667
70.83333333333333
70.83333333333333
53.125
56.875
62.5
63.4375
66.25
71.875
71.875
71.875
71.875
71.875
71.875
71.875
71.875
66.97916666666667
73.54166666666667
79.16666666666667
79.16666666666667
79.16666666666667
79.16666666666667
79.16666666666667
79.16666666666667
79.16666666666667
79.16666666666667
79.16666666666667
59.166666666666664
59.166666666666664
66.66666666666667
66.66666666666667
66.66666666666667
66.66666666666667
66.66666666666667
66.66666666666667
66.66666666666667
66.66666666666667
66.66666666666667
66.66666666666667
66.66666666666667
66.66666666666667
66.66666666666667
63.125
63.125
68.75
68.75
68.75
68.75
68.75
60.3125
63.125
68.75
68.75
68.75
68.75
68.75
68.75
68.75
68.75
68.75
68.75
68.75
68.75
68.75
68.75
68.75
68.75
68.75
63.4375
66.25
71.875
71.875
71.875
71.875
71.875
71.875
71.875
71.875
71.875
71.875
71.875
71.875
65.10416666666667
67.91666666666667
79.16666666666667
79.16666666666667
79.16666666666667
79.16666666666667
79.16666666666667
79.16666666666667
79.16666666666667
79.16666666666667
79.16666666666667
79.16666666666667
79.16666666666667
79.16666666666667
79.16666666666667
79.16666666666667
79.16666666666667
79.16666666666667
79.16666666666667
79.16666666666667
79.16666666666667
79.16666666666667
79.16666666666667
79.16666666666667
79.16666666666667
79.16666666666667
79.16666666666667
79.16666666666667
79.16666666666667
79.16666666666667
79.16666666666667
79.16666666666667
79.16666666666667
79.16666666666667
79.16666666666667
29.479166666666668
32.291666666666664
32.291666666666664
32.291666666666664
32.291666666666664
32.291666666666664
32.291666666666664
32.291666666666664
32.291666666666664
32.291666666666664
32.291666666666664
32.291666666666664
32.291666666666664
32.291666666666664
32.291666666666664
32.291666666666664
32.291666666666664
32.291666666666664
32.291666666666664
32.291666666666664
32.291666666666664
32.291666666666664
32.291666666666664
32.291666666666664
32.291666666666664
32.291666666666664
32.291666666666664
32.291666666666664
32.291666666666664
32.291666666666664
32.291666666666664
32.291666666666664
32.291666666666664
32.291666666666664
32.291666666666664
32.291666666666664
32.291666666666664
32.291666666666664
32.291666666666664
32.291666666666664
32.291666666666664
32.291666666666664
32.291666666666664
32.291666666666664
32.291666666666664
32.291666666666664
32.291666666666664
32.291666666666664
32.291666666666664
32.291666666666664
32.291666666666664
32.291666666666664
32.291666666666664
32.291666666666664
32.291666666666664
32.291666666666664
32.291666666666664
32.291666666666664
32.291666666666664
32.291666666666664
32.291666666666664
32.291666666666664
32.291666666666664
32.291666666666664
32.291666666666664
32.291666666666664
32.291666666666664
32.291666666666664
28.125
28.125
28.125
28.125
28.125
28.125
28.125
28.125
28.125
28.125
28.125
28.125
28.125
28.125
28.125
28.125
28.125
28.125
28.125
28.125
28.125
28.125
28.125
28.125
28.125
28.125
28.125
28.125
28.125
28.125
28.125
28.125
28.125
28.125
28.125
28.125
28.125
28.125
28.125
28.125
28.125
28.125
28.125
28.125
28.125
28.125
28.125
28.125
28.125
28.125
28.125
28.125
28.125
28.125
28.125
28.125
28.125
28.125
28.125
28.125
28.125
28.125
28.125
28.125
28.125
28.125
0.0

