128.89125
140.7375
140.7375
140.7375
140.7375
140.7375
140.7375
140.7375
140.7375
133.54874999999998
136.2825
141.75
141.75
136.2825
136.2825
141.75
141.75
141.75
141.75
141.75
138.00375
140.7375
140.7375
140.7375
140.7375
138.00375
140.7375
140.7375
140.7375
140.7375
140.7375
140.7375
140.7375
140.7375
140.7375
140.7375
126.1575
135.26999999999998
140.7375
140.7375
140.7375
140.7375
140.7375
140.7375
140.7375
140.7375
140.7375
123.62625
126.35999999999999
133.64999999999998
134.35875
140.7375
140.7375
140.7375
140.7375
140.7375
140.7375
140.7375
140.7375
140.7375
129.8025
135.26999999999998
140.7375
140.7375
140.7375
140.7375
140.7375
140.7375
140.7375
140.7375
140.7375
129.195
129.195
134.6625
134.6625
134.6625
134.6625
134.6625
134.6625
134.6625
134.6625
134.6625
134.6625
134.6625
134.6625
134.6625
131.22
131.22
136.6875
136.6875
136.6875
136.6875
136.6875
103.275
64.8
0.0
0.0
0.0
0.0
0.0
0.0
0.0
0.0
0.0
0.0
0.0
0.0
0.0
0.0
0.0
0.0
0.0
0.0
0.0
0.0
0.0
0.0
0.0
0.0
0.0
0.0
0.0
0.0
0.0
0.0
0.0
0.0
0.0
0.0
0.0
0.0
0.0
0.0
0.0
0.0
0.0
0.0
0.0
0.0
0.0
0.0
0.0
0.0
0.0
0.0
0.0
0.0
0.0
0.0
0.0
0.0
0.0
0.0
0.0
0.0
0.0
0.0
0.0
0.0
0.0
0.0
0.0
0.0
0.0
0.0
0.0
0.0
0.0
0.0
0.0
0.0
0.0
0.0
0.0
0.0
0.0
0.0
0.0
0.0
0.0
0.0
0.0
0.0
0.0
0.0
0.0
0.0
0.0
0.0
0.0
0.0
0.0
0.0
0.0
0.0
0.0
0.0
0.0
0.0
0.0
0.0
0.0
0.0
0.0
0.0
0.0
0.0
0.0
0.0
0.0
0.0
0.0
0.0
0.0
0.0
0.0
0.0
0.0
0.0
0.0
0.0
0.0
0.0
0.0
0.0
0.0
0.0
0.0
0.0
0.0
0.0
0.0
0.0
0.0
0.0
0.0
0.0
0.0
0.0
0.0
0.0
0.0
0.0
0.0
0.0
0.0
0.0
0.0
0.0
0.0
0.0
0.0
0.0
0.0
0.0
0.0
0.0
0.0
0.0
0.0
0.0
0.0
0.0
0.0
0.0
0.0
0.0
0.0
0.0
0.0
0.0
0.0
0.0
0.0
0.0
0.0
0.0
0.0
0.0
0.0
0.0
0.0
0.0
0.0
0.0
0.0
0.0
0.0
0.0
0.0
0.0
0.0
0.0
0.0
0.0
0.0

