65.9375
78.125
78.125
78.125
78.125
78.125
78.125
78.125
78.125
70.72916666666667
73.54166666666667
79.16666666666667
79.16666666666667
73.54166666666667
73.54166666666667
79.16666666666667
79.16666666666667
79.16666666666667
79.16666666666667
79.16666666666667
75.3125
78.125
78.125
78.125
78.125
75.3125
78.125
78.125
78.125
78.125
78.125
78.125
78.125
78.125
78.125
78.125
63.125
72.5
78.125
78.125
78.125
78.125
78.125
78.125
78.125
78.125
78.125
60.520833333333336
63.333333333333336
70.83333333333333
71.5625
78.125
78.125
78.125
78.125
78.125
78.125
78.125
78.125
78.125
66.875
72.5
78.125
78.125
78.125
78.125
78.125
78.125
78.125
78.125
78.125
66.25
66.25
71.875
71.875
71.875
71.875
71.875
71.875
71.875
71.875
71.875
71.875
71.875
71.875
71.875
68.33333333333333
68.33333333333333
73.95833333333333
73.95833333333333
73.95833333333333
73.95833333333333
73.95833333333333
39.583333333333336
27.083333333333332
0.0
0.0
0.0
0.0
0.0
0.0
0.0
0.0
0.0
0.0
0.0
0.0
0.0
0.0
0.0
0.0
0.0
0.0
0.0
0.0
0.0
0.0
0.0
0.0
0.0
0.0
0.0
0.0
0.0
0.0
0.0
0.0
0.0
0.0
0.0
0.0
0.0
0.0
0.0
0.0
0.0
0.0
0.0
0.0
0.0
0.0
0.0
0.0
0.0
0.0
0.0
0.0
0.0
0.0
0.0
0.0
0.0
0.0
0.0
0.0
0.0
0.0
0.0
0.0
0.0
0.0
0.0
0.0
0.0
0.0
0.0
0.0
0.0
0.0
0.0
0.0
0.0
0.0
0.0
0.0
0.0
0.0
0.0
0.0
0.0
0.0
0.0
0.0
0.0
0.0
0.0
0.0
0.0
0.0
0.0
0.0
0.0
0.0
0.0
0.0
0.0
0.0
0.0
0.0
0.0
0.0
0.0
0.0
0.0
0.0
0.0
0.0
0.0
0.0
0.0
0.0
0.0
0.0
0.0
0.0
0.0
0.0
0.0
0.0
0.0
0.0
0.0
0.0
0.0
0.0
0.0
0.0
0.0
0.0
0.0
0.0
0.0
0.0
0.0
0.0
0.0
0.0
0.0
0.0
0.0
0.0
0.0
0.0
0.0
0.0
0.0
0.0
0.0
0.0
0.0
0.0
0.0
0.0
0.0
0.0
0.0
0.0
0.0
0.0
0.0
0.0
0.0
0.0
0.0
0.0
0.0
0.0
0.0
0.0
0.0
0.0
0.0
0.0
0.0
0.0
0.0
0.0
0.0
0.0
0.0
0.0
0.0
0.0
0.0
0.0
0.0
0.0
0.0
0.0
0.0
0.0
0.0
0.0
0.0
0.0
0.0

