128.89125
140.7375
140.7375
140.7375
140.7375
140.7375
140.7375
140.7375
140.7375
133.54874999999998
136.2825
141.75
141.75
136.2825
136.2825
141.75
141.75
141.75
141.75
141.75
138.00375
140.7375
140.7375
140.7375
140.7375
132.53625
135.26999999999998
140.7375
140.7375
140.7375
140.7375
140.7375
140.7375
140.7375
140.7375
140.7375
133.54874999999998
136.2825
141.75
141.75
141.75
141.75
141.75
141.75
141.75
141.75
141.75
118.56375
121.2975
128.58749999999998
129.29625
135.675
135.675
135.675
135.675
135.675
135.675
135.675
135.675
135.675
124.63874999999999
127.3725
134.6625
134.6625
134.6625
134.6625
134.6625
134.6625
134.6625
134.6625
134.6625
135.37124999999997
141.75
141.75
141.75
141.75
141.75
141.75
141.75
141.75
141.75
141.75
141.75
141.75
141.75
141.75
134.2575
139.725
139.725
139.725
139.725
139.725
139.725
122.41125
125.14500000000001
130.6125
130.6125
130.6125
130.6125
130.6125
130.6125
130.6125
130.6125
130.6125
130.6125
130.6125
130.6125
130.6125
130.6125
130.6125
130.6125
130.6125
119.37375
122.10749999999999
127.575
127.575
127.575
127.575
127.575
127.575
127.575
127.575
127.575
127.575
127.575
127.575
111.375
95.175
0.0
0.0
0.0
0.0
0.0
0.0
0.0
0.0
0.0
0.0
0.0
0.0
0.0
0.0
0.0
0.0
0.0
0.0
0.0
0.0
0.0
0.0
0.0
0.0
0.0
0.0
0.0
0.0
0.0
0.0
0.0
0.0
0.0
0.0
0.0
0.0
0.0
0.0
0.0
0.0
0.0
0.0
0.0
0.0
0.0
0.0
0.0
0.0
0.0
0.0
0.0
0.0
0.0
0.0
0.0
0.0
0.0
0.0
0.0
0.0
0.0
0.0
0.0
0.0
0.0
0.0
0.0
0.0
0.0
0.0
0.0
0.0
0.0
0.0
0.0
0.0
0.0
0.0
0.0
0.0
0.0
0.0
0.0
0.0
0.0
0.0
0.0
0.0
0.0
0.0
0.0
0.0
0.0
0.0
0.0
0.0
0.0
0.0
0.0
0.0
0.0
0.0
0.0
0.0
0.0
0.0
0.0
0.0
0.0
0.0
0.0
0.0
0.0
0.0
0.0
0.0
0.0
0.0
0.0
0.0
0.0
0.0
0.0
0.0
0.0
0.0
0.0
0.0
0.0
0.0
0.0
0.0
0.0
0.0
0.0
0.0
0.0
0.0
0.0
0.0
0.0
0.0
0.0
0.0
0.0
0.0
0.0
0.0
0.0
0.0
0.0
0.0
0.0
0.0
0.0
0.0
0.0
0.0
0.0
0.0
0.0
0.0
0.0
0.0
0.0
0.0
0.0
0.0

