65.9375
78.125
78.125
78.125
78.125
78.125
78.125
78.125
78.125
70.72916666666667
73.54166666666667
79.16666666666667
79.16666666666667
73.54166666666667
73.54166666666667
79.16666666666667
79.16666666666667
79.16666666666667
79.16666666666667
79.16666666666667
75.3125
78.125
78.125
78.125
78.125
69.6875
72.5
78.125
78.125
78.125
78.125
78.125
78.125
78.125
78.125
78.125
70.72916666666667
73.54166666666667
79.16666666666667
79.16666666666667
79.16666666666667
79.16666666666667
79.16666666666667
79.16666666666667
79.16666666666667
79.16666666666667
79.16666666666667
55.3125
58.125
65.625
66.35416666666667
72.91666666666667
72.91666666666667
72.91666666666667
72.91666666666667
72.91666666666667
72.91666666666667
72.91666666666667
72.91666666666667
72.91666666666667
61.5625
64.375
71.875
71.875
71.875
71.875
71.875
71.875
71.875
71.875
71.875
72.60416666666667
79.16666666666667
79.16666666666667
79.16666666666667
79.16666666666667
79.16666666666667
79.16666666666667
79.16666666666667
79.16666666666667
79.16666666666667
79.16666666666667
79.16666666666667
79.16666666666667
79.16666666666667
79.16666666666667
71.45833333333333
77.08333333333333
77.08333333333333
77.08333333333333
77.08333333333333
77.08333333333333
77.08333333333333
59.270833333333336
62.083333333333336
67.70833333333333
67.70833333333333
67.70833333333333
67.70833333333333
67.70833333333333
67.70833333333333
67.70833333333333
67.70833333333333
67.70833333333333
67.70833333333333
67.70833333333333
67.70833333333333
67.70833333333333
67.70833333333333
67.70833333333333
67.70833333333333
67.70833333333333
56.145833333333336
58.958333333333336
64.58333333333333
64.58333333333333
64.58333333333333
64.58333333333333
64.58333333333333
64.58333333333333
64.58333333333333
64.58333333333333
64.58333333333333
64.58333333333333
64.58333333333333
64.58333333333333
47.916666666666664
31.25
0.0
0.0
0.0
0.0
0.0
0.0
0.0
0.0
0.0
0.0
0.0
0.0
0.0
0.0
0.0
0.0
0.0
0.0
0.0
0.0
0.0
0.0
0.0
0.0
0.0
0.0
0.0
0.0
0.0
0.0
0.0
0.0
0.0
0.0
0.0
0.0
0.0
0.0
0.0
0.0
0.0
0.0
0.0
0.0
0.0
0.0
0.0
0.0
0.0
0.0
0.0
0.0
0.0
0.0
0.0
0.0
0.0
0.0
0.0
0.0
0.0
0.0
0.0
0.0
0.0
0.0
0.0
0.0
0.0
0.0
0.0
0.0
0.0
0.0
0.0
0.0
0.0
0.0
0.0
0.0
0.0
0.0
0.0
0.0
0.0
0.0
0.0
0.0
0.0
0.0
0.0
0.0
0.0
0.0
0.0
0.0
0.0
0.0
0.0
0.0
0.0
0.0
0.0
0.0
0.0
0.0
0.0
0.0
0.0
0.0
0.0
0.0
0.0
0.0
0.0
0.0
0.0
0.0
0.0
0.0
0.0
0.0
0.0
0.0
0.0
0.0
0.0
0.0
0.0
0.0
0.0
0.0
0.0
0.0
0.0
0.0
0.0
0.0
0.0
0.0
0.0
0.0
0.0
0.0
0.0
0.0
0.0
0.0
0.0
0.0
0.0
0.0
0.0
0.0
0.0
0.0
0.0
0.0
0.0
0.0
0.0
0.0
0.0
0.0
0.0
0.0
0.0
0.0

