128.375
117.54166666666667
106.70833333333334
107.11458333333333
110.77083333333333
110.77083333333333
110.77083333333333
110.77083333333333
110.77083333333333
100.75
100.75
108.0625
108.0625
101.02083333333334
110.77083333333333
110.77083333333333
110.77083333333333
110.77083333333333
110.77083333333333
110.77083333333333
110.77083333333333
110.77083333333333
110.77083333333333
110.77083333333333
110.77083333333333
110.77083333333333
110.77083333333333
110.77083333333333
110.77083333333333
110.77083333333333
110.77083333333333
110.77083333333333
110.77083333333333
110.77083333333333
110.77083333333333
110.77083333333333
110.77083333333333
110.77083333333333
110.77083333333333
110.77083333333333
110.77083333333333
110.77083333333333
110.77083333333333
110.77083333333333
110.77083333333333
110.77083333333333
110.77083333333333
103.45833333333334
110.77083333333333
110.77083333333333
110.77083333333333
110.77083333333333
110.77083333333333
110.77083333333333
110.77083333333333
110.77083333333333
110.77083333333333
110.77083333333333
110.77083333333333
110.77083333333333
87.34375
95.875
95.875
95.875
95.875
95.875
95.875
95.875
95.875
95.875
95.875
85.85416666666666
93.16666666666666
93.16666666666666
93.16666666666666
93.16666666666666
93.16666666666666
93.16666666666666
93.16666666666666
93.16666666666666
93.16666666666666
93.16666666666666
93.16666666666666
93.16666666666666
93.16666666666666
93.16666666666666
88.15625
91.8125
91.8125
91.8125
91.8125
91.8125
91.8125
80.4375
87.75
87.75
87.75
87.75
87.75
87.75
87.75
87.75
87.75
87.75
87.75
87.75
87.75
87.75
87.75
87.75
87.75
87.75
83.6875
39.0
0.0
0.0
0.0
0.0
0.0
0.0
0.0
0.0
0.0
0.0
0.0
0.0
0.0
0.0
0.0
0.0
0.0
0.0
0.0
0.0
0.0
0.0
0.0
0.0
0.0
0.0
0.0
0.0
0.0
0.0
0.0
0.0
0.0
0.0
0.0
0.0
0.0
0.0
0.0
0.0
0.0
0.0
0.0
0.0
0.0
0.0
0.0
0.0
0.0
0.0
0.0
0.0
0.0
0.0
0.0
0.0
0.0
0.0
0.0
0.0
0.0
0.0
0.0
0.0
0.0
0.0
0.0
0.0
0.0
0.0
0.0
0.0
0.0
0.0
0.0
0.0
0.0
0.0
0.0
0.0
0.0
0.0
0.0
0.0
0.0
0.0
0.0
0.0
0.0
0.0
0.0
0.0
0.0
0.0
0.0
0.0
0.0
0.0
0.0
0.0
0.0
0.0
0.0
0.0
0.0
0.0
0.0
0.0
0.0
0.0
0.0
0.0
0.0
0.0
0.0
0.0
0.0
0.0
0.0
0.0
0.0
0.0
0.0
0.0
0.0
0.0
0.0
0.0
0.0
0.0
0.0
0.0
0.0
0.0
0.0
0.0
0.0
0.0
0.0
0.0
0.0
0.0
0.0
0.0
0.0
0.0
0.0
0.0
0.0
0.0
0.0
0.0
0.0
0.0
0.0
0.0
0.0
0.0
0.0
0.0
0.0
0.0
0.0
0.0
0.0
0.0
0.0
0.0
0.0
0.0
0.0
0.0
0.0
0.0
0.0
0.0
0.0
0.0
0.0
0.0
0.0
0.0

