125.66666666666667
109.41666666666667
109.41666666666667
109.41666666666667
109.41666666666667
109.41666666666667
109.41666666666667
109.41666666666667
109.41666666666667
109.41666666666667
109.41666666666667
109.41666666666667
109.41666666666667
102.23958333333334
110.77083333333333
110.77083333333333
110.77083333333333
110.77083333333333
110.77083333333333
110.77083333333333
105.35416666666667
105.35416666666667
105.35416666666667
105.35416666666667
105.35416666666667
102.23958333333334
110.77083333333333
110.77083333333333
110.77083333333333
110.77083333333333
110.77083333333333
110.77083333333333
110.77083333333333
110.77083333333333
110.77083333333333
110.77083333333333
110.77083333333333
110.77083333333333
110.77083333333333
110.77083333333333
110.77083333333333
110.77083333333333
110.77083333333333
110.77083333333333
110.77083333333333
99.9375
99.9375
84.63541666666666
93.16666666666666
93.16666666666666
93.70833333333334
98.58333333333334
98.58333333333334
98.58333333333334
98.58333333333334
98.58333333333334
98.58333333333334
98.58333333333334
98.58333333333334
98.58333333333334
99.53125
108.0625
108.0625
108.0625
108.0625
108.0625
108.0625
108.0625
108.0625
108.0625
108.0625
87.20833333333334
94.52083333333334
94.52083333333334
94.52083333333334
94.52083333333334
94.52083333333334
94.52083333333334
94.52083333333334
94.52083333333334
94.52083333333334
94.52083333333334
94.52083333333334
94.52083333333334
94.52083333333334
94.52083333333334
83.6875
39.0
0.0
0.0
0.0
0.0
0.0
0.0
0.0
0.0
0.0
0.0
0.0
0.0
0.0
0.0
0.0
0.0
0.0
0.0
0.0
0.0
0.0
0.0
0.0
0.0
0.0
0.0
0.0
0.0
0.0
0.0
0.0
0.0
0.0
0.0
0.0
0.0
0.0
0.0
0.0
0.0
0.0
0.0
0.0
0.0
0.0
0.0
0.0
0.0
0.0
0.0
0.0
0.0
0.0
0.0
0.0
0.0
0.0
0.0
0.0
0.0
0.0
0.0
0.0
0.0
0.0
0.0
0.0
0.0
0.0
0.0
0.0
0.0
0.0
0.0
0.0
0.0
0.0
0.0
0.0
0.0
0.0
0.0
0.0
0.0
0.0
0.0
0.0
0.0
0.0
0.0
0.0
0.0
0.0
0.0
0.0
0.0
0.0
0.0
0.0
0.0
0.0
0.0
0.0
0.0
0.0
0.0
0.0
0.0
0.0
0.0
0.0
0.0
0.0
0.0
0.0
0.0
0.0
0.0
0.0
0.0
0.0
0.0
0.0
0.0
0.0
0.0
0.0
0.0
0.0
0.0
0.0
0.0
0.0
0.0
0.0
0.0
0.0
0.0
0.0
0.0
0.0
0.0
0.0
0.0
0.0
0.0
0.0
0.0
0.0
0.0
0.0
0.0
0.0
0.0
0.0
0.0
0.0
0.0
0.0
0.0
0.0
0.0
0.0
0.0
0.0
0.0
0.0
0.0
0.0
0.0
0.0
0.0
0.0
0.0
0.0
0.0
0.0
0.0
0.0
0.0
0.0
0.0
0.0
0.0
0.0
0.0
0.0
0.0
0.0
0.0
0.0
0.0
0.0
0.0
0.0
0.0
0.0
0.0
0.0
0.0
0.0
0.0
0.0
0.0
0.0
0.0
0.0
0.0

