124.3125
110.77083333333333
110.77083333333333
110.77083333333333
110.77083333333333
110.77083333333333
110.77083333333333
110.77083333333333
110.77083333333333
110.77083333333333
110.77083333333333
110.77083333333333
110.77083333333333
103.18750000000001
108.0625
108.0625
108.0625
108.0625
108.0625
108.0625
102.64583333333334
102.64583333333334
102.64583333333334
102.64583333333334
102.64583333333334
99.80208333333334
103.45833333333334
110.77083333333333
110.77083333333333
110.77083333333333
110.77083333333333
110.77083333333333
110.77083333333333
110.77083333333333
110.77083333333333
110.77083333333333
100.75
100.75
108.0625
108.0625
108.0625
108.0625
108.0625
108.0625
108.0625
108.0625
108.0625
100.75
108.0625
108.0625
108.0625
108.0625
108.0625
108.0625
108.0625
108.0625
108.0625
108.0625
108.0625
108.0625
100.75
108.0625
108.0625
108.0625
108.0625
108.0625
108.0625
108.0625
108.0625
108.0625
108.0625
108.0625
108.0625
108.0625
108.0625
108.0625
108.0625
108.0625
108.0625
108.0625
108.0625
108.0625
108.0625
108.0625
108.0625
108.0625
103.45833333333334
110.77083333333333
110.77083333333333
110.77083333333333
110.77083333333333
110.77083333333333
110.77083333333333
103.45833333333334
103.45833333333334
110.77083333333333
110.77083333333333
110.77083333333333
110.77083333333333
110.77083333333333
110.77083333333333
110.77083333333333
110.77083333333333
110.77083333333333
110.77083333333333
110.77083333333333
110.77083333333333
110.77083333333333
110.77083333333333
110.77083333333333
110.77083333333333
110.77083333333333
99.39583333333334
106.70833333333334
106.70833333333334
106.70833333333334
106.70833333333334
106.70833333333334
106.70833333333334
106.70833333333334
106.70833333333334
106.70833333333334
106.70833333333334
106.70833333333334
106.70833333333334
85.04166666666666
86.80208333333334
95.33333333333334
102.64583333333334
102.64583333333334
102.64583333333334
102.64583333333334
102.64583333333334
102.64583333333334
102.64583333333334
102.64583333333334
102.64583333333334
102.64583333333334
102.64583333333334
102.64583333333334
102.64583333333334
102.64583333333334
102.64583333333334
102.64583333333334
102.64583333333334
102.64583333333334
102.64583333333334
102.64583333333334
102.64583333333334
102.64583333333334
102.64583333333334
102.64583333333334
102.64583333333334
102.64583333333334
102.64583333333334
102.64583333333334
102.64583333333334
102.64583333333334
102.64583333333334
102.64583333333334
102.64583333333334
72.98958333333334
98.58333333333334
98.58333333333334
98.58333333333334
98.58333333333334
98.58333333333334
98.58333333333334
98.58333333333334
98.58333333333334
98.58333333333334
98.58333333333334
98.58333333333334
98.58333333333334
98.58333333333334
98.58333333333334
98.58333333333334
98.58333333333334
98.58333333333334
98.58333333333334
98.58333333333334
98.58333333333334
98.58333333333334
98.58333333333334
98.58333333333334
98.58333333333334
98.58333333333334
98.58333333333334
98.58333333333334
98.58333333333334
98.58333333333334
98.58333333333334
98.58333333333334
98.58333333333334
98.58333333333334
98.58333333333334
98.58333333333334
98.58333333333334
98.58333333333334
98.58333333333334
98.58333333333334
98.58333333333334
98.58333333333334
98.58333333333334
98.58333333333334
98.58333333333334
98.58333333333334
98.58333333333334
98.58333333333334
98.58333333333334
98.58333333333334
98.58333333333334
98.58333333333334
98.58333333333334
98.58333333333334
98.58333333333334
98.58333333333334
98.58333333333334
98.58333333333334
98.58333333333334
98.58333333333334
98.58333333333334
98.58333333333334
98.58333333333334
98.58333333333334
98.58333333333334
98.58333333333334
98.58333333333334
98.58333333333334
87.75
87.75
87.75
87.75
87.75
87.75
87.75
87.75
87.75
87.75
87.75
87.75
87.75
87.75
87.75
87.75
87.75
87.75
87.75
87.75
87.75
87.75
87.75
87.75
87.75
87.75
87.75
87.75
87.75
87.75
87.75
87.75
87.75
87.75
87.75
87.75
87.75
87.75
87.75
87.75
87.75
87.75
87.75
87.75
87.75
87.75
87.75
87.75
87.75
87.75
87.75
87.75
87.75
87.75
87.75
87.75
87.75
87.75
87.75
87.75
87.75
87.75
87.75
87.75
87.75
87.75
0.0

