93.75
78.86904761904762
78.86904761904762
78.86904761904762
78.86904761904762
78.86904761904762
78.86904761904762
78.86904761904762
78.86904761904762
78.86904761904762
78.86904761904762
78.86904761904762
78.86904761904762
70.53571428571429
75.89285714285714
75.89285714285714
75.89285714285714
75.89285714285714
75.89285714285714
75.89285714285714
69.94047619047619
69.94047619047619
69.94047619047619
69.94047619047619
69.94047619047619
66.81547619047619
70.83333333333333
78.86904761904762
78.86904761904762
78.86904761904762
78.86904761904762
78.86904761904762
78.86904761904762
78.86904761904762
78.86904761904762
78.86904761904762
67.85714285714286
67.85714285714286
75.89285714285714
75.89285714285714
75.89285714285714
75.89285714285714
75.89285714285714
75.89285714285714
75.89285714285714
75.89285714285714
75.89285714285714
67.85714285714286
75.89285714285714
75.89285714285714
75.89285714285714
75.89285714285714
75.89285714285714
75.89285714285714
75.89285714285714
75.89285714285714
75.89285714285714
75.89285714285714
75.89285714285714
75.89285714285714
67.85714285714286
75.89285714285714
75.89285714285714
75.89285714285714
75.89285714285714
75.89285714285714
75.89285714285714
75.89285714285714
75.89285714285714
75.89285714285714
75.89285714285714
75.89285714285714
75.89285714285714
75.89285714285714
75.89285714285714
75.89285714285714
75.89285714285714
75.89285714285714
75.89285714285714
75.89285714285714
75.89285714285714
75.89285714285714
75.89285714285714
75.89285714285714
75.89285714285714
75.89285714285714
70.83333333333333
78.86904761904762
78.86904761904762
78.86904761904762
78.86904761904762
78.86904761904762
78.86904761904762
70.83333333333333
70.83333333333333
78.86904761904762
78.86904761904762
78.86904761904762
78.86904761904762
78.86904761904762
78.86904761904762
78.86904761904762
78.86904761904762
78.86904761904762
78.86904761904762
78.86904761904762
78.86904761904762
78.86904761904762
78.86904761904762
78.86904761904762
78.86904761904762
78.86904761904762
66.36904761904762
74.4047619047619
74.4047619047619
74.4047619047619
74.4047619047619
74.4047619047619
74.4047619047619
74.4047619047619
74.4047619047619
74.4047619047619
74.4047619047619
74.4047619047619
74.4047619047619
50.595238095238095
52.529761904761905
61.904761904761905
69.94047619047619
69.94047619047619
69.94047619047619
69.94047619047619
69.94047619047619
69.94047619047619
69.94047619047619
69.94047619047619
69.94047619047619
69.94047619047619
69.94047619047619
69.94047619047619
69.94047619047619
69.94047619047619
69.94047619047619
69.94047619047619
69.94047619047619
69.94047619047619
69.94047619047619
69.94047619047619
69.94047619047619
69.94047619047619
69.94047619047619
69.94047619047619
69.94047619047619
69.94047619047619
69.94047619047619
69.94047619047619
69.94047619047619
69.94047619047619
69.94047619047619
69.94047619047619
69.94047619047619
37.351190476190474
65.47619047619048
65.47619047619048
65.47619047619048
65.47619047619048
65.47619047619048
65.47619047619048
65.47619047619048
65.47619047619048
65.47619047619048
65.47619047619048
65.47619047619048
65.47619047619048
65.47619047619048
65.47619047619048
65.47619047619048
65.47619047619048
65.47619047619048
65.47619047619048
65.47619047619048
65.47619047619048
65.47619047619048
65.47619047619048
65.47619047619048
65.47619047619048
65.47619047619048
65.47619047619048
65.47619047619048
65.47619047619048
65.47619047619048
65.47619047619048
65.47619047619048
65.47619047619048
65.47619047619048
65.47619047619048
65.47619047619048
65.47619047619048
65.47619047619048
65.47619047619048
65.47619047619048
65.47619047619048
65.47619047619048
65.47619047619048
65.47619047619048
65.47619047619048
65.47619047619048
65.47619047619048
65.47619047619048
65.47619047619048
65.47619047619048
65.47619047619048
65.47619047619048
65.47619047619048
65.47619047619048
65.47619047619048
65.47619047619048
65.47619047619048
65.47619047619048
65.47619047619048
65.47619047619048
65.47619047619048
65.47619047619048
65.47619047619048
65.47619047619048
65.47619047619048
65.47619047619048
65.47619047619048
65.47619047619048
53.57142857142857
53.57142857142857
53.57142857142857
53.57142857142857
53.57142857142857
53.57142857142857
53.57142857142857
53.57142857142857
53.57142857142857
53.57142857142857
53.57142857142857
53.57142857142857
53.57142857142857
53.57142857142857
53.57142857142857
53.57142857142857
53.57142857142857
53.57142857142857
53.57142857142857
53.57142857142857
53.57142857142857
53.57142857142857
53.57142857142857
53.57142857142857
53.57142857142857
53.57142857142857
53.57142857142857
53.57142857142857
53.57142857142857
53.57142857142857
53.57142857142857
53.57142857142857
53.57142857142857
53.57142857142857
53.57142857142857
53.57142857142857
53.57142857142857
53.57142857142857
53.57142857142857
53.57142857142857
53.57142857142857
53.57142857142857
53.57142857142857
53.57142857142857
53.57142857142857
53.57142857142857
53.57142857142857
53.57142857142857
53.57142857142857
53.57142857142857
53.57142857142857
53.57142857142857
53.57142857142857
53.57142857142857
53.57142857142857
53.57142857142857
53.57142857142857
53.57142857142857
53.57142857142857
53.57142857142857
53.57142857142857
53.57142857142857
53.57142857142857
53.57142857142857
53.57142857142857
53.57142857142857
0.0

