96.72619047619048
74.4047619047619
74.4047619047619
74.85119047619048
78.86904761904762
78.86904761904762
78.86904761904762
78.86904761904762
78.86904761904762
67.85714285714286
75.89285714285714
75.89285714285714
75.89285714285714
75.89285714285714
75.89285714285714
75.89285714285714
75.89285714285714
75.89285714285714
75.89285714285714
75.89285714285714
69.94047619047619
69.94047619047619
69.94047619047619
69.94047619047619
69.94047619047619
66.81547619047619
70.83333333333333
78.86904761904762
78.86904761904762
78.86904761904762
78.86904761904762
78.86904761904762
78.86904761904762
78.86904761904762
78.86904761904762
78.86904761904762
78.86904761904762
78.86904761904762
78.86904761904762
78.86904761904762
78.86904761904762
78.86904761904762
78.86904761904762
78.86904761904762
78.86904761904762
78.86904761904762
78.86904761904762
61.904761904761905
69.94047619047619
69.94047619047619
70.53571428571429
75.89285714285714
75.89285714285714
75.89285714285714
75.89285714285714
75.89285714285714
75.89285714285714
75.89285714285714
75.89285714285714
75.89285714285714
49.107142857142854
20.833333333333332
0.0
0.0
0.0
0.0
0.0
0.0
0.0
0.0
0.0
0.0
0.0
0.0
0.0
0.0
0.0
0.0
0.0
0.0
0.0
0.0
0.0
0.0
0.0
0.0
0.0
0.0
0.0
0.0
0.0
0.0
0.0
0.0
0.0
0.0
0.0
0.0
0.0
0.0
0.0
0.0
0.0
0.0
0.0
0.0
0.0
0.0
0.0
0.0
0.0
0.0
0.0
0.0
0.0
0.0
0.0
0.0
0.0
0.0
0.0
0.0
0.0
0.0
0.0
0.0
0.0
0.0
0.0
0.0
0.0
0.0
0.0
0.0
0.0
0.0
0.0
0.0
0.0
0.0
0.0
0.0
0.0
0.0
0.0
0.0
0.0
0.0
0.0
0.0
0.0
0.0
0.0
0.0
0.0
0.0
0.0
0.0
0.0
0.0
0.0
0.0
0.0
0.0
0.0
0.0
0.0
0.0
0.0
0.0
0.0
0.0
0.0
0.0
0.0
0.0
0.0
0.0
0.0
0.0
0.0
0.0
0.0
0.0
0.0
0.0
0.0
0.0
0.0
0.0
0.0
0.0
0.0
0.0
0.0
0.0
0.0
0.0
0.0
0.0
0.0
0.0
0.0
0.0
0.0
0.0
0.0
0.0
0.0
0.0
0.0
0.0
0.0
0.0
0.0
0.0
0.0
0.0
0.0
0.0
0.0
0.0
0.0
0.0
0.0
0.0
0.0
0.0
0.0
0.0
0.0
0.0
0.0
0.0
0.0
0.0
0.0
0.0
0.0
0.0
0.0
0.0
0.0
0.0
0.0
0.0
0.0
0.0
0.0
0.0
0.0
0.0
0.0
0.0
0.0
0.0
0.0
0.0
0.0
0.0
0.0
0.0
0.0
0.0
0.0
0.0
0.0
0.0
0.0
0.0
0.0
0.0
0.0
0.0
0.0
0.0
0.0
0.0
0.0
0.0
0.0
0.0
0.0
0.0
0.0
0.0
0.0
0.0
0.0
0.0
0.0
0.0
0.0
0.0
0.0
0.0

