89.28571428571429
78.86904761904762
78.86904761904762
78.86904761904762
78.86904761904762
78.86904761904762
78.86904761904762
78.86904761904762
78.86904761904762
68.00595238095238
77.38095238095238
77.38095238095238
77.38095238095238
77.38095238095238
77.38095238095238
77.38095238095238
77.38095238095238
77.38095238095238
77.38095238095238
77.38095238095238
71.42857142857143
71.42857142857143
71.42857142857143
71.42857142857143
71.42857142857143
63.392857142857146
71.42857142857143
71.42857142857143
71.42857142857143
71.42857142857143
71.42857142857143
71.42857142857143
71.42857142857143
71.42857142857143
71.42857142857143
71.42857142857143
72.02380952380952
77.38095238095238
77.38095238095238
77.38095238095238
77.38095238095238
77.38095238095238
77.38095238095238
77.38095238095238
77.38095238095238
77.38095238095238
77.38095238095238
60.416666666666664
68.45238095238095
68.45238095238095
69.3452380952381
77.38095238095238
77.38095238095238
77.38095238095238
77.38095238095238
77.38095238095238
77.38095238095238
77.38095238095238
77.38095238095238
77.38095238095238
68.45238095238095
29.761904761904763
0.0
0.0
0.0
0.0
0.0
0.0
0.0
0.0
0.0
0.0
0.0
0.0
0.0
0.0
0.0
0.0
0.0
0.0
0.0
0.0
0.0
0.0
0.0
0.0
0.0
0.0
0.0
0.0
0.0
0.0
0.0
0.0
0.0
0.0
0.0
0.0
0.0
0.0
0.0
0.0
0.0
0.0
0.0
0.0
0.0
0.0
0.0
0.0
0.0
0.0
0.0
0.0
0.0
0.0
0.0
0.0
0.0
0.0
0.0
0.0
0.0
0.0
0.0
0.0
0.0
0.0
0.0
0.0
0.0
0.0
0.0
0.0
0.0
0.0
0.0
0.0
0.0
0.0
0.0
0.0
0.0
0.0
0.0
0.0
0.0
0.0
0.0
0.0
0.0
0.0
0.0
0.0
0.0
0.0
0.0
0.0
0.0
0.0
0.0
0.0
0.0
0.0
0.0
0.0
0.0
0.0
0.0
0.0
0.0
0.0
0.0
0.0
0.0
0.0
0.0
0.0
0.0
0.0
0.0
0.0
0.0
0.0
0.0
0.0
0.0
0.0
0.0
0.0
0.0
0.0
0.0
0.0
0.0
0.0
0.0
0.0
0.0
0.0
0.0
0.0
0.0
0.0
0.0
0.0
0.0
0.0
0.0
0.0
0.0
0.0
0.0
0.0
0.0
0.0
0.0
0.0
0.0
0.0
0.0
0.0
0.0
0.0
0.0
0.0
0.0
0.0
0.0
0.0
0.0
0.0
0.0
0.0
0.0
0.0
0.0
0.0
0.0
0.0
0.0
0.0
0.0
0.0
0.0
0.0
0.0
0.0
0.0
0.0
0.0
0.0
0.0
0.0
0.0
0.0
0.0
0.0
0.0
0.0
0.0
0.0
0.0
0.0
0.0
0.0
0.0
0.0
0.0
0.0
0.0
0.0
0.0
0.0
0.0
0.0
0.0
0.0
0.0
0.0
0.0
0.0
0.0
0.0
0.0
0.0
0.0
0.0
0.0
0.0
0.0
0.0
0.0
0.0
0.0
0.0

