160.9875
160.9875
160.9875
160.9875
160.9875
160.9875
160.9875
160.9875
160.9875
160.9875
160.9875
160.9875
160.9875
160.9875
160.9875
160.9875
160.9875
160.9875
160.9875
160.9875
160.9875
160.9875
160.9875
160.9875
160.9875
160.9875
128.58749999999998
128.58749999999998
128.58749999999998
128.58749999999998
128.58749999999998
128.58749999999998
128.58749999999998
128.58749999999998
128.58749999999998
98.2125
98.2125
98.2125
98.2125
98.2125
98.2125
98.2125
98.2125
98.2125
98.2125
98.2125
98.2125
98.2125
98.2125
98.2125
98.2125
98.2125
98.2125
64.8
64.8
64.8
64.8
64.8
64.8
64.8
64.8
64.8
64.8
64.8
64.8
64.8
64.8
64.8
64.8
64.8
64.8
0.0
0.0
0.0
0.0
0.0
0.0
0.0
0.0
0.0
0.0
0.0
0.0
0.0
0.0
0.0
0.0
0.0
0.0
0.0
0.0
0.0
0.0
0.0
0.0
0.0
0.0
0.0
0.0
0.0
0.0
0.0
0.0
0.0
0.0
0.0
0.0
0.0
0.0
0.0
0.0
0.0
0.0
0.0
0.0
0.0
0.0
0.0
0.0
0.0
0.0
0.0
0.0
0.0
0.0
0.0
0.0
0.0
0.0
0.0
0.0
0.0
0.0
0.0
0.0
0.0
0.0
0.0
0.0
0.0
0.0
0.0
0.0
0.0
0.0
0.0
0.0
0.0
0.0
0.0
0.0
0.0
0.0
0.0
0.0
0.0
0.0
0.0
0.0
0.0
0.0
0.0
0.0
0.0
0.0
0.0
0.0
0.0
0.0
0.0
0.0
0.0
0.0
0.0
0.0
0.0
0.0
0.0
0.0
0.0
0.0
0.0
0.0
0.0
0.0
0.0
0.0
0.0
0.0
0.0
0.0
0.0
0.0
0.0
0.0
0.0
0.0
0.0
0.0
0.0
0.0
0.0
0.0
0.0
0.0
0.0
0.0
0.0
0.0
0.0
0.0
0.0
0.0
0.0
0.0
0.0
0.0
0.0
0.0
0.0
0.0
0.0
0.0
0.0
0.0
0.0
0.0
0.0
0.0
0.0
0.0
0.0
0.0
0.0
0.0
0.0
0.0
0.0
0.0
0.0
0.0
0.0
0.0
0.0
0.0
0.0
0.0
0.0
0.0
0.0
0.0
0.0
0.0
0.0
0.0
0.0
0.0
0.0
0.0
0.0
0.0
0.0
0.0
0.0
0.0
0.0
0.0

