162.0
162.0
162.0
162.0
162.0
162.0
162.0
162.0
162.0
162.0
162.0
162.0
162.0
162.0
162.0
162.0
162.0
162.0
162.0
162.0
162.0
162.0
162.0
162.0
162.0
162.0
153.89999999999998
153.89999999999998
153.89999999999998
153.89999999999998
153.89999999999998
153.89999999999998
153.89999999999998
153.89999999999998
153.89999999999998
147.825
147.825
147.825
147.825
147.825
147.825
147.825
147.825
147.825
147.825
147.825
147.825
147.825
147.825
147.825
147.825
147.825
147.825
147.825
147.825
147.825
147.825
147.825
147.825
147.825
147.825
147.825
147.825
147.825
147.825
147.825
147.825
147.825
147.825
147.825
147.825
147.825
147.825
147.825
147.825
147.825
147.825
147.825
147.825
147.825
147.825
147.825
147.825
147.825
147.825
147.825
147.825
147.825
147.825
147.825
147.825
147.825
147.825
147.825
147.825
147.825
147.825
147.825
147.825
123.52499999999999
123.52499999999999
123.52499999999999
123.52499999999999
123.52499999999999
123.52499999999999
123.52499999999999
123.52499999999999
123.52499999999999
123.52499999999999
123.52499999999999
123.52499999999999
123.52499999999999
123.52499999999999
123.52499999999999
123.52499999999999
123.52499999999999
123.52499999999999
123.52499999999999
123.52499999999999
123.52499999999999
123.52499999999999
123.52499999999999
123.52499999999999
123.52499999999999
123.52499999999999
123.52499999999999
123.52499999999999
123.52499999999999
123.52499999999999
123.52499999999999
123.52499999999999
123.52499999999999
123.52499999999999
99.225
99.225
99.225
99.225
99.225
99.225
99.225
99.225
99.225
99.225
99.225
99.225
99.225
99.225
99.225
99.225
99.225
99.225
99.225
99.225
99.225
99.225
99.225
99.225
99.225
99.225
99.225
99.225
99.225
99.225
99.225
99.225
99.225
99.225
99.225
99.225
99.225
99.225
99.225
99.225
99.225
99.225
99.225
99.225
99.225
99.225
99.225
99.225
99.225
99.225
99.225
99.225
99.225
99.225
99.225
99.225
99.225
99.225
99.225
99.225
99.225
99.225
99.225
99.225
99.225
99.225
95.175
95.175
95.175
95.175
95.175
95.175
95.175
95.175
95.175
95.175
95.175
95.175
95.175
95.175
95.175
95.175
95.175
95.175
95.175
95.175
95.175
95.175
95.175
95.175
95.175
95.175
95.175
95.175
95.175
95.175
95.175
95.175
95.175
95.175
95.175
95.175
95.175
95.175
95.175
95.175
95.175
95.175
95.175
95.175
95.175
95.175
95.175
95.175
95.175
95.175
95.175
95.175
95.175
95.175
95.175
95.175
95.175
95.175
95.175
95.175
95.175
95.175
95.175
95.175
95.175
95.175
95.175
0.0

