159.975
159.975
159.975
159.975
159.975
159.975
151.875
151.875
139.725
139.725
139.725
139.725
139.725
135.675
135.675
135.675
135.675
132.6375
132.6375
132.6375
132.6375
132.6375
132.6375
132.6375
132.6375
132.6375
132.6375
132.6375
132.6375
132.6375
132.6375
132.6375
132.6375
132.6375
132.6375
132.6375
132.6375
132.6375
132.6375
132.6375
132.6375
132.6375
132.6375
132.6375
132.6375
132.6375
132.6375
132.6375
132.6375
132.6375
132.6375
132.6375
132.6375
132.6375
132.6375
132.6375
132.6375
132.6375
132.6375
132.6375
132.6375
132.6375
132.6375
132.6375
132.6375
132.6375
132.6375
132.6375
132.6375
132.6375
132.6375
132.6375
132.6375
132.6375
132.6375
132.6375
132.6375
132.6375
132.6375
132.6375
132.6375
132.6375
132.6375
132.6375
132.6375
132.6375
132.6375
132.6375
132.6375
132.6375
132.6375
132.6375
132.6375
132.6375
132.6375
132.6375
132.6375
132.6375
132.6375
108.3375
108.3375
108.3375
108.3375
108.3375
108.3375
108.3375
108.3375
108.3375
108.3375
108.3375
108.3375
108.3375
108.3375
108.3375
108.3375
108.3375
108.3375
108.3375
108.3375
108.3375
108.3375
108.3375
108.3375
108.3375
108.3375
108.3375
108.3375
108.3375
108.3375
108.3375
108.3375
108.3375
108.3375
64.8
64.8
64.8
64.8
64.8
64.8
64.8
64.8
64.8
64.8
64.8
64.8
64.8
64.8
64.8
64.8
64.8
64.8
64.8
64.8
64.8
64.8
64.8
64.8
64.8
64.8
64.8
64.8
64.8
64.8
64.8
64.8
64.8
64.8
64.8
64.8
64.8
64.8
64.8
64.8
64.8
64.8
64.8
64.8
64.8
64.8
64.8
64.8
64.8
64.8
64.8
64.8
64.8
64.8
64.8
64.8
64.8
64.8
64.8
64.8
64.8
64.8
64.8
64.8
64.8
64.8
64.8
64.8
64.8
64.8
64.8
64.8
64.8
64.8
64.8
64.8
64.8
64.8
64.8
64.8
64.8
64.8
64.8
64.8
64.8
64.8
64.8
64.8
64.8
64.8
64.8
64.8
64.8
64.8
64.8
64.8
64.8
64.8
64.8
64.8
64.8
64.8
64.8
64.8
64.8
64.8
64.8
64.8
64.8
64.8
64.8
64.8
64.8
64.8
64.8
64.8
64.8
64.8
64.8
64.8
64.8
64.8
64.8
64.8
64.8
64.8
64.8
64.8
64.8
64.8
64.8
64.8
64.8
0.0

