129.72916666666669
129.72916666666669
129.72916666666669
129.72916666666669
129.72916666666669
129.72916666666669
129.72916666666669
129.72916666666669
129.72916666666669
129.72916666666669
129.72916666666669
129.72916666666669
129.72916666666669
129.72916666666669
129.72916666666669
129.72916666666669
129.72916666666669
129.72916666666669
129.72916666666669
129.72916666666669
129.72916666666669
129.72916666666669
129.72916666666669
129.72916666666669
129.72916666666669
129.72916666666669
129.72916666666669
129.72916666666669
129.72916666666669
129.72916666666669
129.72916666666669
129.72916666666669
129.72916666666669
108.0625
108.0625
108.0625
108.0625
108.0625
108.0625
108.0625
108.0625
108.0625
108.0625
108.0625
67.4375
67.4375
67.4375
67.4375
67.4375
67.4375
67.4375
67.4375
67.4375
67.4375
67.4375
67.4375
67.4375
67.4375
67.4375
67.4375
67.4375
67.4375
67.4375
67.4375
67.4375
67.4375
39.0
39.0
39.0
39.0
39.0
39.0
39.0
39.0
39.0
39.0
39.0
39.0
39.0
39.0
39.0
39.0
39.0
39.0
39.0
39.0
39.0
39.0
0.0
0.0
0.0
0.0
0.0
0.0
0.0
0.0
0.0
0.0
0.0
0.0
0.0
0.0
0.0
0.0
0.0
0.0
0.0
0.0
0.0
0.0
0.0
0.0
0.0
0.0
0.0
0.0
0.0
0.0
0.0
0.0
0.0
0.0
0.0
0.0
0.0
0.0
0.0
0.0
0.0
0.0
0.0
0.0
0.0
0.0
0.0
0.0
0.0
0.0
0.0
0.0
0.0
0.0
0.0
0.0
0.0
0.0
0.0
0.0
0.0
0.0
0.0
0.0
0.0
0.0
0.0
0.0
0.0
0.0
0.0
0.0
0.0
0.0
0.0
0.0
0.0
0.0
0.0
0.0
0.0
0.0
0.0
0.0
0.0
0.0
0.0
0.0
0.0
0.0
0.0
0.0
0.0
0.0
0.0
0.0
0.0
0.0
0.0
0.0
0.0
0.0
0.0
0.0
0.0
0.0
0.0
0.0
0.0
0.0
0.0
0.0
0.0
0.0
0.0
0.0
0.0
0.0
0.0
0.0
0.0
0.0
0.0
0.0
0.0
0.0
0.0
0.0
0.0
0.0
0.0
0.0
0.0
0.0
0.0
0.0
0.0
0.0
0.0
0.0
0.0
0.0
0.0
0.0
0.0
0.0
0.0
0.0
0.0
0.0
0.0
0.0
0.0
0.0
0.0
0.0
0.0
0.0
0.0
0.0
0.0
0.0
0.0
0.0
0.0
0.0
0.0
0.0
0.0
0.0
0.0
0.0
0.0
0.0
0.0
0.0
0.0
0.0
0.0

