129.72916666666669
129.72916666666669
129.72916666666669
129.72916666666669
129.72916666666669
129.72916666666669
129.72916666666669
129.72916666666669
129.72916666666669
129.72916666666669
129.72916666666669
129.72916666666669
129.72916666666669
129.72916666666669
129.72916666666669
129.72916666666669
129.72916666666669
129.72916666666669
129.72916666666669
129.72916666666669
129.72916666666669
129.72916666666669
129.72916666666669
129.72916666666669
129.72916666666669
129.72916666666669
129.72916666666669
129.72916666666669
129.72916666666669
129.72916666666669
129.72916666666669
129.72916666666669
129.72916666666669
118.89583333333333
118.89583333333333
118.89583333333333
118.89583333333333
118.89583333333333
118.89583333333333
118.89583333333333
118.89583333333333
118.89583333333333
118.89583333333333
118.89583333333333
86.39583333333334
86.39583333333334
86.39583333333334
86.39583333333334
86.39583333333334
86.39583333333334
86.39583333333334
86.39583333333334
86.39583333333334
86.39583333333334
86.39583333333334
86.39583333333334
86.39583333333334
86.39583333333334
86.39583333333334
86.39583333333334
86.39583333333334
86.39583333333334
86.39583333333334
86.39583333333334
86.39583333333334
86.39583333333334
39.0
39.0
39.0
39.0
39.0
39.0
39.0
39.0
39.0
39.0
39.0
39.0
39.0
39.0
39.0
39.0
39.0
39.0
39.0
39.0
39.0
39.0
0.0
0.0
0.0
0.0
0.0
0.0
0.0
0.0
0.0
0.0
0.0
0.0
0.0
0.0
0.0
0.0
0.0
0.0
0.0
0.0
0.0
0.0
0.0
0.0
0.0
0.0
0.0
0.0
0.0
0.0
0.0
0.0
0.0
0.0
0.0
0.0
0.0
0.0
0.0
0.0
0.0
0.0
0.0
0.0
0.0
0.0
0.0
0.0
0.0
0.0
0.0
0.0
0.0
0.0
0.0
0.0
0.0
0.0
0.0
0.0
0.0
0.0
0.0
0.0
0.0
0.0
0.0
0.0
0.0
0.0
0.0
0.0
0.0
0.0
0.0
0.0
0.0
0.0
0.0
0.0
0.0
0.0
0.0
0.0
0.0
0.0
0.0
0.0
0.0
0.0
0.0
0.0
0.0
0.0
0.0
0.0
0.0
0.0
0.0
0.0
0.0
0.0
0.0
0.0
0.0
0.0
0.0
0.0
0.0
0.0
0.0
0.0
0.0
0.0
0.0
0.0
0.0
0.0
0.0
0.0
0.0
0.0
0.0
0.0
0.0
0.0
0.0
0.0
0.0
0.0
0.0
0.0
0.0
0.0
0.0
0.0
0.0
0.0
0.0
0.0
0.0
0.0
0.0
0.0
0.0
0.0
0.0
0.0
0.0
0.0
0.0
0.0
0.0
0.0
0.0
0.0
0.0
0.0
0.0
0.0
0.0
0.0
0.0
0.0
0.0
0.0
0.0
0.0
0.0
0.0
0.0
0.0
0.0
0.0
0.0
0.0
0.0
0.0
0.0

