121.5
121.5
121.5
121.5
121.5
121.5
113.4
113.4
107.32499999999999
107.32499999999999
107.32499999999999
107.32499999999999
107.32499999999999
107.32499999999999
107.32499999999999
107.32499999999999
107.32499999999999
101.25
101.25
101.25
101.25
101.25
101.25
101.25
101.25
101.25
64.8
64.8
64.8
64.8
64.8
64.8
64.8
64.8
64.8
64.8
64.8
64.8
64.8
64.8
64.8
64.8
64.8
64.8
64.8
64.8
64.8
64.8
64.8
64.8
64.8
64.8
64.8
64.8
64.8
64.8
64.8
64.8
64.8
64.8
64.8
64.8
64.8
64.8
64.8
64.8
64.8
64.8
64.8
64.8
64.8
64.8
64.8
64.8
64.8
64.8
64.8
64.8
64.8
64.8
64.8
64.8
64.8
64.8
64.8
64.8
64.8
64.8
64.8
64.8
64.8
64.8
64.8
64.8
64.8
64.8
64.8
64.8
64.8
64.8
64.8
64.8
64.8
64.8
64.8
64.8
64.8
64.8
64.8
64.8
64.8
64.8
64.8
64.8
64.8
64.8
64.8
64.8
64.8
64.8
64.8
64.8
64.8
64.8
64.8
64.8
64.8
64.8
64.8
64.8
64.8
64.8
64.8
64.8
64.8
64.8
64.8
64.8
64.8
64.8
64.8
64.8
64.8
64.8
64.8
64.8
64.8
64.8
64.8
64.8
64.8
64.8
64.8
64.8
64.8
64.8
64.8
64.8
64.8
64.8
64.8
64.8
64.8
64.8
64.8
64.8
64.8
64.8
64.8
64.8
64.8
64.8
64.8
64.8
64.8
64.8
64.8
64.8
64.8
64.8
64.8
64.8
64.8
64.8
64.8
64.8
64.8
64.8
64.8
64.8
64.8
64.8
64.8
64.8
64.8
64.8
64.8
64.8
64.8
0.0
0.0
0.0
0.0
0.0
0.0
0.0
0.0
0.0
0.0
0.0
0.0
0.0
0.0
0.0
0.0
0.0
0.0
0.0
0.0
0.0
0.0
0.0
0.0
0.0
0.0
0.0
0.0
0.0
0.0
0.0
0.0
0.0
0.0
0.0
0.0
0.0
0.0
0.0
0.0
0.0
0.0
0.0
0.0
0.0
0.0
0.0
0.0
0.0
0.0
0.0
0.0
0.0
0.0
0.0
0.0
0.0
0.0
0.0
0.0
0.0
0.0
0.0
0.0
0.0
0.0
0.0
0.0

