129.6
129.6
129.6
129.6
129.6
129.6
129.6
129.6
123.52499999999999
123.52499999999999
123.52499999999999
123.52499999999999
123.52499999999999
123.52499999999999
123.52499999999999
123.52499999999999
123.52499999999999
114.4125
114.4125
114.4125
114.4125
114.4125
114.4125
114.4125
114.4125
114.4125
106.3125
106.3125
106.3125
106.3125
106.3125
106.3125
106.3125
106.3125
106.3125
94.1625
94.1625
94.1625
94.1625
94.1625
94.1625
94.1625
94.1625
94.1625
64.8
64.8
64.8
64.8
64.8
64.8
64.8
64.8
64.8
64.8
64.8
64.8
64.8
64.8
64.8
64.8
64.8
64.8
64.8
64.8
64.8
64.8
64.8
64.8
64.8
64.8
64.8
64.8
64.8
64.8
64.8
64.8
64.8
64.8
64.8
64.8
64.8
64.8
64.8
64.8
64.8
64.8
64.8
64.8
64.8
64.8
64.8
64.8
64.8
64.8
64.8
64.8
64.8
64.8
64.8
64.8
64.8
64.8
64.8
64.8
64.8
64.8
64.8
64.8
64.8
64.8
64.8
64.8
64.8
64.8
64.8
64.8
64.8
64.8
64.8
64.8
64.8
64.8
64.8
64.8
64.8
64.8
64.8
64.8
64.8
64.8
64.8
64.8
64.8
0.0
0.0
0.0
0.0
0.0
0.0
0.0
0.0
0.0
0.0
0.0
0.0
0.0
0.0
0.0
0.0
0.0
0.0
0.0
0.0
0.0
0.0
0.0
0.0
0.0
0.0
0.0
0.0
0.0
0.0
0.0
0.0
0.0
0.0
0.0
0.0
0.0
0.0
0.0
0.0
0.0
0.0
0.0
0.0
0.0
0.0
0.0
0.0
0.0
0.0
0.0
0.0
0.0
0.0
0.0
0.0
0.0
0.0
0.0
0.0
0.0
0.0
0.0
0.0
0.0
0.0
0.0
0.0
0.0
0.0
0.0
0.0
0.0
0.0
0.0
0.0
0.0
0.0
0.0
0.0
0.0
0.0
0.0
0.0
0.0
0.0
0.0
0.0
0.0
0.0
0.0
0.0
0.0
0.0
0.0
0.0
0.0
0.0
0.0
0.0
0.0
0.0
0.0
0.0
0.0
0.0
0.0
0.0
0.0
0.0
0.0
0.0
0.0
0.0
0.0
0.0
0.0
0.0
0.0
0.0
0.0
0.0
0.0
0.0
0.0
0.0
0.0
0.0
0.0
0.0
0.0
0.0
0.0
0.0

