109.41666666666667
109.41666666666667
109.41666666666667
109.41666666666667
109.41666666666667
109.41666666666667
98.58333333333334
98.58333333333334
90.45833333333334
90.45833333333334
90.45833333333334
90.45833333333334
90.45833333333334
85.04166666666666
85.04166666666666
85.04166666666666
85.04166666666666
80.97916666666667
80.97916666666667
80.97916666666667
80.97916666666667
80.97916666666667
80.97916666666667
80.97916666666667
80.97916666666667
80.97916666666667
80.97916666666667
80.97916666666667
80.97916666666667
80.97916666666667
80.97916666666667
80.97916666666667
80.97916666666667
80.97916666666667
80.97916666666667
72.85416666666667
72.85416666666667
72.85416666666667
72.85416666666667
72.85416666666667
72.85416666666667
72.85416666666667
72.85416666666667
72.85416666666667
72.85416666666667
72.85416666666667
72.85416666666667
72.85416666666667
72.85416666666667
72.85416666666667
72.85416666666667
72.85416666666667
72.85416666666667
72.85416666666667
72.85416666666667
72.85416666666667
72.85416666666667
72.85416666666667
72.85416666666667
72.85416666666667
72.85416666666667
72.85416666666667
72.85416666666667
72.85416666666667
72.85416666666667
72.85416666666667
67.4375
67.4375
67.4375
67.4375
67.4375
39.0
39.0
39.0
39.0
39.0
39.0
39.0
39.0
39.0
39.0
39.0
39.0
39.0
39.0
39.0
39.0
39.0
39.0
39.0
39.0
39.0
39.0
39.0
39.0
39.0
39.0
39.0
39.0
39.0
39.0
39.0
39.0
39.0
39.0
39.0
39.0
39.0
39.0
39.0
39.0
39.0
39.0
39.0
39.0
39.0
39.0
39.0
39.0
39.0
39.0
39.0
39.0
39.0
39.0
39.0
39.0
39.0
39.0
39.0
39.0
39.0
39.0
39.0
39.0
39.0
39.0
39.0
39.0
39.0
39.0
39.0
39.0
39.0
39.0
39.0
39.0
39.0
39.0
39.0
39.0
39.0
39.0
39.0
39.0
39.0
39.0
39.0
39.0
39.0
39.0
39.0
39.0
39.0
39.0
39.0
39.0
39.0
39.0
39.0
39.0
39.0
39.0
39.0
39.0
39.0
39.0
39.0
39.0
39.0
39.0
39.0
39.0
39.0
39.0
39.0
39.0
39.0
39.0
39.0
39.0
39.0
39.0
39.0
39.0
39.0
39.0
39.0
39.0
39.0
39.0
39.0
39.0
39.0
39.0
39.0
39.0
39.0
39.0
39.0
39.0
39.0
39.0
39.0
39.0
39.0
39.0
39.0
39.0
39.0
39.0
39.0
39.0
39.0
39.0
39.0
39.0
39.0
39.0
39.0
39.0
39.0
39.0
39.0
39.0
39.0
39.0
39.0
39.0
39.0
39.0
39.0
39.0
39.0
39.0
39.0
39.0
39.0
39.0
39.0
39.0
39.0
39.0
39.0
39.0
39.0
39.0
39.0
39.0
39.0
39.0
39.0
39.0
39.0
39.0
39.0
0.0

