108.0625
108.0625
108.0625
108.0625
108.0625
108.0625
108.0625
108.0625
108.0625
108.0625
108.0625
108.0625
108.0625
97.22916666666666
97.22916666666666
97.22916666666666
97.22916666666666
89.10416666666667
89.10416666666667
89.10416666666667
89.10416666666667
89.10416666666667
89.10416666666667
89.10416666666667
89.10416666666667
89.10416666666667
78.27083333333334
78.27083333333334
78.27083333333334
78.27083333333334
78.27083333333334
78.27083333333334
78.27083333333334
78.27083333333334
78.27083333333334
78.27083333333334
78.27083333333334
78.27083333333334
78.27083333333334
78.27083333333334
78.27083333333334
78.27083333333334
78.27083333333334
78.27083333333334
70.14583333333333
70.14583333333333
70.14583333333333
70.14583333333333
70.14583333333333
70.14583333333333
70.14583333333333
70.14583333333333
70.14583333333333
39.0
39.0
39.0
39.0
39.0
39.0
39.0
39.0
39.0
39.0
39.0
39.0
39.0
39.0
39.0
39.0
39.0
39.0
39.0
39.0
39.0
39.0
39.0
39.0
39.0
39.0
39.0
39.0
39.0
39.0
39.0
39.0
39.0
39.0
39.0
39.0
39.0
39.0
39.0
39.0
39.0
39.0
39.0
39.0
39.0
39.0
39.0
39.0
39.0
39.0
39.0
39.0
39.0
39.0
39.0
39.0
39.0
39.0
39.0
39.0
39.0
39.0
39.0
39.0
39.0
39.0
39.0
39.0
39.0
39.0
39.0
39.0
39.0
39.0
39.0
39.0
39.0
39.0
39.0
39.0
39.0
39.0
39.0
39.0
39.0
39.0
39.0
39.0
39.0
39.0
39.0
39.0
39.0
39.0
39.0
39.0
39.0
39.0
39.0
39.0
39.0
39.0
39.0
39.0
39.0
39.0
39.0
39.0
39.0
39.0
39.0
39.0
39.0
39.0
39.0
39.0
39.0
39.0
39.0
39.0
39.0
39.0
39.0
39.0
39.0
39.0
39.0
39.0
39.0
39.0
39.0
39.0
39.0
39.0
39.0
39.0
39.0
39.0
39.0
39.0
39.0
39.0
39.0
39.0
39.0
39.0
39.0
39.0
39.0
39.0
39.0
39.0
39.0
39.0
39.0
39.0
39.0
39.0
39.0
39.0
39.0
39.0
39.0
39.0
39.0
39.0
39.0
39.0
39.0
39.0
39.0
39.0
39.0
39.0
39.0
39.0
39.0
39.0
39.0
39.0
39.0
39.0
39.0
39.0
39.0
39.0
39.0
39.0
39.0
39.0
39.0
39.0
39.0
39.0
39.0
39.0
39.0
39.0
39.0
39.0
39.0
39.0
39.0
39.0
39.0
39.0
39.0
39.0
39.0
39.0
39.0
39.0
39.0
0.0

