101.29166666666666
101.29166666666666
101.29166666666666
101.29166666666666
101.29166666666666
101.29166666666666
101.29166666666666
101.29166666666666
101.29166666666666
101.29166666666666
101.29166666666666
101.29166666666666
101.29166666666666
101.29166666666666
101.29166666666666
101.29166666666666
101.29166666666666
85.04166666666666
85.04166666666666
85.04166666666666
85.04166666666666
85.04166666666666
85.04166666666666
85.04166666666666
85.04166666666666
85.04166666666666
85.04166666666666
85.04166666666666
85.04166666666666
85.04166666666666
85.04166666666666
85.04166666666666
85.04166666666666
85.04166666666666
85.04166666666666
76.91666666666667
76.91666666666667
76.91666666666667
76.91666666666667
76.91666666666667
76.91666666666667
76.91666666666667
76.91666666666667
76.91666666666667
76.91666666666667
76.91666666666667
76.91666666666667
76.91666666666667
76.91666666666667
76.91666666666667
76.91666666666667
76.91666666666667
76.91666666666667
39.0
39.0
39.0
39.0
39.0
39.0
39.0
39.0
39.0
39.0
39.0
39.0
39.0
39.0
39.0
39.0
39.0
39.0
39.0
39.0
39.0
39.0
39.0
39.0
39.0
39.0
39.0
39.0
39.0
39.0
39.0
39.0
39.0
39.0
39.0
39.0
39.0
39.0
39.0
39.0
39.0
39.0
39.0
39.0
39.0
39.0
39.0
39.0
39.0
39.0
39.0
39.0
39.0
39.0
39.0
39.0
39.0
39.0
39.0
39.0
39.0
39.0
39.0
39.0
39.0
39.0
39.0
39.0
39.0
39.0
39.0
39.0
39.0
39.0
39.0
39.0
39.0
39.0
39.0
39.0
39.0
39.0
39.0
39.0
39.0
39.0
39.0
39.0
39.0
39.0
39.0
39.0
39.0
39.0
39.0
39.0
39.0
39.0
39.0
39.0
39.0
39.0
39.0
39.0
39.0
39.0
39.0
39.0
39.0
39.0
39.0
39.0
39.0
39.0
39.0
39.0
39.0
39.0
39.0
39.0
39.0
39.0
39.0
39.0
39.0
39.0
39.0
39.0
39.0
39.0
39.0
39.0
39.0
39.0
39.0
39.0
39.0
39.0
39.0
39.0
39.0
39.0
39.0
39.0
39.0
39.0
39.0
39.0
39.0
39.0
39.0
39.0
39.0
39.0
39.0
39.0
39.0
39.0
39.0
39.0
39.0
39.0
39.0
39.0
39.0
39.0
39.0
39.0
39.0
39.0
39.0
39.0
39.0
39.0
39.0
39.0
39.0
39.0
39.0
39.0
39.0
39.0
39.0
39.0
39.0
39.0
39.0
39.0
39.0
39.0
39.0
39.0
39.0
39.0
39.0
39.0
39.0
39.0
39.0
39.0
39.0
39.0
39.0
39.0
39.0
39.0
39.0
39.0
39.0
39.0
39.0
39.0
39.0
0.0

